Interactive mode[y/N] ? 

***************************************************
Process file: Nathan/frameData2017-06-15T08-32-57.498Z.csv
***************************************************


***************************************************
Pearson correlation
          R         G         B
R 1.0000000 0.2048888 0.1584748
G 0.2048888 1.0000000 0.5571327
B 0.1584748 0.5571327 1.0000000
***************************************************


***************************************************
File: Nathan/frameData2017-06-15T08-32-57.498Z.csv does not seem to contain signal
***************************************************


***************************************************
Process file: Nathan/frameData2017-06-15T08-34-15.489Z.csv
***************************************************


***************************************************
Pearson correlation
          R         G         B
R 1.0000000 0.2182049 0.1450481
G 0.2182049 1.0000000 0.5068058
B 0.1450481 0.5068058 1.0000000
***************************************************


***************************************************
File: Nathan/frameData2017-06-15T08-34-15.489Z.csv does not seem to contain signal
***************************************************


***************************************************
Process file: Nathan/frameData2017-06-15T08-35-33.652Z.csv
***************************************************


***************************************************
Pearson correlation
          R         G         B
R 1.0000000 0.2356949 0.1990391
G 0.2356949 1.0000000 0.6069594
B 0.1990391 0.6069594 1.0000000
***************************************************


***************************************************
File: Nathan/frameData2017-06-15T08-35-33.652Z.csv does not seem to contain signal
***************************************************


***************************************************
Process file: Nathan/frameData2017-06-15T08-36-49.649Z.csv
***************************************************


***************************************************
Pearson correlation
          R         G         B
R 1.0000000 0.2474051 0.2236366
G 0.2474051 1.0000000 0.6638748
B 0.2236366 0.6638748 1.0000000
***************************************************


***************************************************
File: Nathan/frameData2017-06-15T08-36-49.649Z.csv does not seem to contain signal
***************************************************


***************************************************
Process file: Nathan/frameData2017-06-15T08-38-05.484Z.csv
***************************************************


***************************************************
Pearson correlation
          R         G         B
R 1.0000000 0.2212905 0.1860457
G 0.2212905 1.0000000 0.5944135
B 0.1860457 0.5944135 1.0000000
***************************************************


***************************************************
File: Nathan/frameData2017-06-15T08-38-05.484Z.csv does not seem to contain signal
***************************************************


***************************************************
Process file: Nathan/frameData2017-06-15T08-39-21.193Z.csv
***************************************************


***************************************************
Pearson correlation
          R         G         B
R 1.0000000 0.2401030 0.1869193
G 0.2401030 1.0000000 0.5749142
B 0.1869193 0.5749142 1.0000000
***************************************************


***************************************************
File: Nathan/frameData2017-06-15T08-39-21.193Z.csv does not seem to contain signal
***************************************************


***************************************************
Process file: Nathan/frameData2017-06-15T09-09-26.753Z.csv
***************************************************


***************************************************
Pearson correlation
          R         G         B
R 1.0000000 0.2395306 0.1948980
G 0.2395306 1.0000000 0.6105054
B 0.1948980 0.6105054 1.0000000
***************************************************


***************************************************
File: Nathan/frameData2017-06-15T09-09-26.753Z.csv does not seem to contain signal
***************************************************


***************************************************
Process file: Nathan/frameData2017-06-15T09-10-42.254Z.csv
***************************************************


***************************************************
Pearson correlation
          R         G         B
R 1.0000000 0.5157395 0.5142160
G 0.5157395 1.0000000 0.9640781
B 0.5142160 0.9640781 1.0000000
***************************************************


***************************************************
File: Nathan/frameData2017-06-15T09-10-42.254Z.csv seems to contain signal
***************************************************


***************************************************
Process file: Nathan/frameData2017-06-15T09-11-57.870Z.csv
***************************************************


***************************************************
Pearson correlation
          R         G         B
R 1.0000000 0.4865353 0.4846940
G 0.4865353 1.0000000 0.9596729
B 0.4846940 0.9596729 1.0000000
***************************************************


***************************************************
File: Nathan/frameData2017-06-15T09-11-57.870Z.csv seems to contain signal
***************************************************


***************************************************
Process file: Nathan/frameData2017-06-15T09-13-13.359Z.csv
***************************************************


***************************************************
Pearson correlation
          R         G         B
R 1.0000000 0.4160049 0.4277061
G 0.4160049 1.0000000 0.9107290
B 0.4277061 0.9107290 1.0000000
***************************************************


***************************************************
File: Nathan/frameData2017-06-15T09-13-13.359Z.csv seems to contain signal
***************************************************


***************************************************
Process file: Nathan/frameData2017-06-15T09-14-56.523Z.csv
***************************************************


***************************************************
Pearson correlation
          R         G         B
R 1.0000000 0.7372468 0.7338413
G 0.7372468 1.0000000 0.9798974
B 0.7338413 0.9798974 1.0000000
***************************************************


***************************************************
File: Nathan/frameData2017-06-15T09-14-56.523Z.csv seems to contain signal
***************************************************


***************************************************
Process file: Nathan/frameData2017-06-15T09-16-11.927Z.csv
***************************************************


***************************************************
Pearson correlation
          R         G         B
R 1.0000000 0.3253895 0.3240286
G 0.3253895 1.0000000 0.8967692
B 0.3240286 0.8967692 1.0000000
***************************************************


***************************************************
File: Nathan/frameData2017-06-15T09-16-11.927Z.csv seems to contain signal
***************************************************


***************************************************
Process file: Nathan/frameData2017-06-15T09-17-27.262Z.csv
***************************************************


***************************************************
Pearson correlation
          R         G         B
R 1.0000000 0.3076330 0.2947324
G 0.3076330 1.0000000 0.8574895
B 0.2947324 0.8574895 1.0000000
***************************************************


***************************************************
File: Nathan/frameData2017-06-15T09-17-27.262Z.csv seems to contain signal
***************************************************


***************************************************
Process file: Nathan/frameData2017-06-15T09-18-42.799Z.csv
***************************************************


***************************************************
Pearson correlation
          R         G         B
R 1.0000000 0.2202067 0.1921587
G 0.2202067 1.0000000 0.5857367
B 0.1921587 0.5857367 1.0000000
***************************************************


***************************************************
File: Nathan/frameData2017-06-15T09-18-42.799Z.csv does not seem to contain signal
***************************************************


***************************************************
Process file: Nathan/frameData2017-06-15T09-19-58.776Z.csv
***************************************************


***************************************************
Pearson correlation
          R         G         B
R 1.0000000 0.2315853 0.1678775
G 0.2315853 1.0000000 0.5638699
B 0.1678775 0.5638699 1.0000000
***************************************************


***************************************************
File: Nathan/frameData2017-06-15T09-19-58.776Z.csv does not seem to contain signal
***************************************************


***************************************************
Process file: Nathan/frameData2017-06-15T09-21-14.662Z.csv
***************************************************


***************************************************
Pearson correlation
          R         G         B
R 1.0000000 0.2464613 0.1765525
G 0.2464613 1.0000000 0.6092166
B 0.1765525 0.6092166 1.0000000
***************************************************


***************************************************
File: Nathan/frameData2017-06-15T09-21-14.662Z.csv does not seem to contain signal
***************************************************


***************************************************
Process file: Nathan/frameData2017-06-15T09-22-30.312Z.csv
***************************************************


***************************************************
Pearson correlation
          R         G         B
R 1.0000000 0.2291326 0.1582378
G 0.2291326 1.0000000 0.5730389
B 0.1582378 0.5730389 1.0000000
***************************************************


***************************************************
File: Nathan/frameData2017-06-15T09-22-30.312Z.csv does not seem to contain signal
***************************************************


***************************************************
Process file: Nathan/frameData2017-06-15T09-23-45.761Z.csv
***************************************************


***************************************************
Pearson correlation
          R         G         B
R 1.0000000 0.2360434 0.1733278
G 0.2360434 1.0000000 0.5732434
B 0.1733278 0.5732434 1.0000000
***************************************************


***************************************************
File: Nathan/frameData2017-06-15T09-23-45.761Z.csv does not seem to contain signal
***************************************************


***************************************************
Process file: Nathan/frameData2017-06-15T09-25-01.392Z.csv
***************************************************


***************************************************
Pearson correlation
          R         G         B
R 1.0000000 0.2637714 0.2386801
G 0.2637714 1.0000000 0.6917402
B 0.2386801 0.6917402 1.0000000
***************************************************


***************************************************
File: Nathan/frameData2017-06-15T09-25-01.392Z.csv does not seem to contain signal
***************************************************


***************************************************
Process file: Rene/frameData2017-06-15T08-42-25.261Z.csv
***************************************************


***************************************************
Pearson correlation
          R         G         B
R 1.0000000 0.5802949 0.5924763
G 0.5802949 1.0000000 0.9744228
B 0.5924763 0.9744228 1.0000000
***************************************************


***************************************************
File: Rene/frameData2017-06-15T08-42-25.261Z.csv seems to contain signal
***************************************************


***************************************************
Process file: Rene/frameData2017-06-15T08-43-46.495Z.csv
***************************************************


***************************************************
Pearson correlation
          R         G         B
R 1.0000000 0.3207162 0.3762381
G 0.3207162 1.0000000 0.8188228
B 0.3762381 0.8188228 1.0000000
***************************************************


***************************************************
File: Rene/frameData2017-06-15T08-43-46.495Z.csv does not seem to contain signal
***************************************************


***************************************************
Process file: Rene/frameData2017-06-15T08-45-06.713Z.csv
***************************************************


***************************************************
Pearson correlation
          R         G         B
R 1.0000000 0.5789859 0.5867480
G 0.5789859 1.0000000 0.9670731
B 0.5867480 0.9670731 1.0000000
***************************************************


***************************************************
File: Rene/frameData2017-06-15T08-45-06.713Z.csv seems to contain signal
***************************************************


***************************************************
Process file: Rene/frameData2017-06-15T08-47-05.398Z.csv
***************************************************


***************************************************
Pearson correlation
          R         G         B
R 1.0000000 0.8058286 0.8099607
G 0.8058286 1.0000000 0.9956248
B 0.8099607 0.9956248 1.0000000
***************************************************


***************************************************
File: Rene/frameData2017-06-15T08-47-05.398Z.csv seems to contain signal
***************************************************


***************************************************
Process file: Rene/frameData2017-06-15T08-48-26.358Z.csv
***************************************************


***************************************************
Pearson correlation
          R         G         B
R 1.0000000 0.7379499 0.7497700
G 0.7379499 1.0000000 0.9876151
B 0.7497700 0.9876151 1.0000000
***************************************************


***************************************************
File: Rene/frameData2017-06-15T08-48-26.358Z.csv seems to contain signal
***************************************************


***************************************************
Process file: Rene/frameData2017-06-15T08-49-46.643Z.csv
***************************************************


***************************************************
Pearson correlation
          R         G         B
R 1.0000000 0.3615156 0.3648573
G 0.3615156 1.0000000 0.8591743
B 0.3648573 0.8591743 1.0000000
***************************************************


***************************************************
File: Rene/frameData2017-06-15T08-49-46.643Z.csv seems to contain signal
***************************************************


***************************************************
Process file: Stefano/frameData2017-06-15T06-19-53.630Z.csv
***************************************************


***************************************************
Pearson correlation
          R         G         B
R 1.0000000 0.1522470 0.1214121
G 0.1522470 1.0000000 0.2653383
B 0.1214121 0.2653383 1.0000000
***************************************************


***************************************************
File: Stefano/frameData2017-06-15T06-19-53.630Z.csv does not seem to contain signal
***************************************************


***************************************************
Process file: Stefano/frameData2017-06-15T06-21-14.486Z.csv
***************************************************


***************************************************
Pearson correlation
          R         G         B
R 1.0000000 0.1231373 0.0836855
G 0.1231373 1.0000000 0.2443057
B 0.0836855 0.2443057 1.0000000
***************************************************


***************************************************
File: Stefano/frameData2017-06-15T06-21-14.486Z.csv does not seem to contain signal
***************************************************


***************************************************
Process file: Stefano/frameData2017-06-15T08-29-09.008Z.csv
***************************************************


***************************************************
Pearson correlation
          R         G         B
R 1.0000000 0.5296926 0.5433530
G 0.5296926 1.0000000 0.8887584
B 0.5433530 0.8887584 1.0000000
***************************************************


***************************************************
File: Stefano/frameData2017-06-15T08-29-09.008Z.csv does not seem to contain signal
***************************************************


***************************************************
Process file: Stefano/frameData2017-06-15T08-31-18.015Z.csv
***************************************************


***************************************************
Pearson correlation
          R         G         B
R 1.0000000 0.1117860 0.1050784
G 0.1117860 1.0000000 0.6477511
B 0.1050784 0.6477511 1.0000000
***************************************************


***************************************************
File: Stefano/frameData2017-06-15T08-31-18.015Z.csv does not seem to contain signal
***************************************************


***************************************************
Process file: Stefano/frameData2017-06-15T08-32-36.135Z.csv
***************************************************


***************************************************
Pearson correlation
          R         G         B
R 1.0000000 0.1511494 0.1561572
G 0.1511494 1.0000000 0.7715138
B 0.1561572 0.7715138 1.0000000
***************************************************


***************************************************
File: Stefano/frameData2017-06-15T08-32-36.135Z.csv does not seem to contain signal
***************************************************


***************************************************
Process file: Stefano/frameData2017-06-15T08-33-53.001Z.csv
***************************************************


***************************************************
Pearson correlation
          R         G         B
R 1.0000000 0.3773245 0.2812118
G 0.3773245 1.0000000 0.6243060
B 0.2812118 0.6243060 1.0000000
***************************************************


***************************************************
File: Stefano/frameData2017-06-15T08-33-53.001Z.csv does not seem to contain signal
***************************************************


***************************************************
Process file: Stefano/frameData2017-06-15T08-35-09.437Z.csv
***************************************************


***************************************************
Pearson correlation
          R         G         B
R 1.0000000 0.3156492 0.1994732
G 0.3156492 1.0000000 0.5042123
B 0.1994732 0.5042123 1.0000000
***************************************************


***************************************************
File: Stefano/frameData2017-06-15T08-35-09.437Z.csv does not seem to contain signal
***************************************************


***************************************************
Process file: Stefano/frameData2017-06-15T08-36-25.298Z.csv
***************************************************


***************************************************
Pearson correlation
          R         G         B
R 1.0000000 0.4263689 0.2974256
G 0.4263689 1.0000000 0.6372973
B 0.2974256 0.6372973 1.0000000
***************************************************


***************************************************
File: Stefano/frameData2017-06-15T08-36-25.298Z.csv does not seem to contain signal
***************************************************


***************************************************
Process file: Stefano/frameData2017-06-15T08-37-41.543Z.csv
***************************************************


***************************************************
Pearson correlation
          R         G         B
R 1.0000000 0.4201349 0.3504239
G 0.4201349 1.0000000 0.7020990
B 0.3504239 0.7020990 1.0000000
***************************************************


***************************************************
File: Stefano/frameData2017-06-15T08-37-41.543Z.csv does not seem to contain signal
***************************************************


***************************************************
Process file: Stefano/frameData2017-06-15T08-38-58.299Z.csv
***************************************************


***************************************************
Pearson correlation
          R         G         B
R 1.0000000 0.4296661 0.4091172
G 0.4296661 1.0000000 0.8055494
B 0.4091172 0.8055494 1.0000000
***************************************************


***************************************************
File: Stefano/frameData2017-06-15T08-38-58.299Z.csv does not seem to contain signal
***************************************************


***************************************************
Process file: Stefano/frameData2017-06-15T08-40-14.963Z.csv
***************************************************


***************************************************
Pearson correlation
          R         G         B
R 1.0000000 0.3563446 0.2401322
G 0.3563446 1.0000000 0.6017315
B 0.2401322 0.6017315 1.0000000
***************************************************


***************************************************
File: Stefano/frameData2017-06-15T08-40-14.963Z.csv does not seem to contain signal
***************************************************


***************************************************
Process file: Stefano/frameData2017-06-15T08-41-31.057Z.csv
***************************************************


***************************************************
Pearson correlation
          R         G         B
R 1.0000000 0.4263463 0.3431713
G 0.4263463 1.0000000 0.7174725
B 0.3431713 0.7174725 1.0000000
***************************************************


***************************************************
File: Stefano/frameData2017-06-15T08-41-31.057Z.csv does not seem to contain signal
***************************************************


***************************************************
Process file: Stefano/frameData2017-06-15T08-42-48.180Z.csv
***************************************************


***************************************************
Pearson correlation
          R         G         B
R 1.0000000 0.4767754 0.4416126
G 0.4767754 1.0000000 0.7929701
B 0.4416126 0.7929701 1.0000000
***************************************************


***************************************************
File: Stefano/frameData2017-06-15T08-42-48.180Z.csv does not seem to contain signal
***************************************************


***************************************************
Process file: Stefano/frameData2017-06-15T08-44-05.398Z.csv
***************************************************


***************************************************
Pearson correlation
          R         G         B
R 1.0000000 0.3318541 0.2855413
G 0.3318541 1.0000000 0.6194473
B 0.2855413 0.6194473 1.0000000
***************************************************


***************************************************
File: Stefano/frameData2017-06-15T08-44-05.398Z.csv does not seem to contain signal
***************************************************


***************************************************
Process file: Stefano/frameData2017-06-15T08-45-21.400Z.csv
***************************************************


***************************************************
Pearson correlation
          R         G         B
R 1.0000000 0.4642105 0.4292348
G 0.4642105 1.0000000 0.8012091
B 0.4292348 0.8012091 1.0000000
***************************************************


***************************************************
File: Stefano/frameData2017-06-15T08-45-21.400Z.csv does not seem to contain signal
***************************************************


***************************************************
Process file: Stefano/frameData2017-06-15T08-46-37.489Z.csv
***************************************************


***************************************************
Pearson correlation
          R         G         B
R 1.0000000 0.3650168 0.3059726
G 0.3650168 1.0000000 0.6793601
B 0.3059726 0.6793601 1.0000000
***************************************************


***************************************************
File: Stefano/frameData2017-06-15T08-46-37.489Z.csv does not seem to contain signal
***************************************************


***************************************************
Process file: Stefano/frameData2017-06-15T08-47-53.813Z.csv
***************************************************


***************************************************
Pearson correlation
          R         G         B
R 1.0000000 0.4703416 0.3369134
G 0.4703416 1.0000000 0.6765759
B 0.3369134 0.6765759 1.0000000
***************************************************


***************************************************
File: Stefano/frameData2017-06-15T08-47-53.813Z.csv does not seem to contain signal
***************************************************


***************************************************
Process file: Stefano/frameData2017-06-15T08-49-10.708Z.csv
***************************************************


***************************************************
Pearson correlation
          R         G         B
R 1.0000000 0.3862003 0.2945052
G 0.3862003 1.0000000 0.6838785
B 0.2945052 0.6838785 1.0000000
***************************************************


***************************************************
File: Stefano/frameData2017-06-15T08-49-10.708Z.csv does not seem to contain signal
***************************************************


***************************************************
Process file: Stefano/frameData2017-06-15T08-50-26.880Z.csv
***************************************************


***************************************************
Pearson correlation
          R         G         B
R 1.0000000 0.4505809 0.3789795
G 0.4505809 1.0000000 0.7483569
B 0.3789795 0.7483569 1.0000000
***************************************************


***************************************************
File: Stefano/frameData2017-06-15T08-50-26.880Z.csv does not seem to contain signal
***************************************************


***************************************************
Process file: Stefano/frameData2017-06-15T08-52-44.479Z.csv
***************************************************


***************************************************
Pearson correlation
          R         G         B
R 1.0000000 0.5710928 0.5786199
G 0.5710928 1.0000000 0.9679729
B 0.5786199 0.9679729 1.0000000
***************************************************


***************************************************
File: Stefano/frameData2017-06-15T08-52-44.479Z.csv seems to contain signal
***************************************************


***************************************************
Process file: Stefano/frameData2017-06-15T08-54-03.429Z.csv
***************************************************


***************************************************
Pearson correlation
          R         G         B
R 1.0000000 0.8094984 0.8163297
G 0.8094984 1.0000000 0.9944033
B 0.8163297 0.9944033 1.0000000
***************************************************


***************************************************
File: Stefano/frameData2017-06-15T08-54-03.429Z.csv seems to contain signal
***************************************************


***************************************************
Process file: Stefano/frameData2017-06-15T08-55-19.583Z.csv
***************************************************


***************************************************
Pearson correlation
          R         G         B
R 1.0000000 0.6641915 0.6793093
G 0.6641915 1.0000000 0.9871792
B 0.6793093 0.9871792 1.0000000
***************************************************


***************************************************
File: Stefano/frameData2017-06-15T08-55-19.583Z.csv seems to contain signal
***************************************************


***************************************************
Process file: Stefano/frameData2017-06-15T08-57-11.636Z.csv
***************************************************


***************************************************
Pearson correlation
          R         G         B
R 1.0000000 0.4292963 0.4765990
G 0.4292963 1.0000000 0.9228989
B 0.4765990 0.9228989 1.0000000
***************************************************


***************************************************
File: Stefano/frameData2017-06-15T08-57-11.636Z.csv does not seem to contain signal
***************************************************


***************************************************
Process file: Stefano/frameData2017-06-15T08-58-31.205Z.csv
***************************************************


***************************************************
Pearson correlation
          R         G         B
R 1.0000000 0.6322204 0.6410303
G 0.6322204 1.0000000 0.9705622
B 0.6410303 0.9705622 1.0000000
***************************************************


***************************************************
File: Stefano/frameData2017-06-15T08-58-31.205Z.csv seems to contain signal
***************************************************


***************************************************
Process file: Stefano/frameData2017-06-15T08-59-47.191Z.csv
***************************************************


***************************************************
Pearson correlation
          R         G         B
R 1.0000000 0.8298219 0.8335382
G 0.8298219 1.0000000 0.9861006
B 0.8335382 0.9861006 1.0000000
***************************************************


***************************************************
File: Stefano/frameData2017-06-15T08-59-47.191Z.csv seems to contain signal
***************************************************


***************************************************
Process file: Stefano/frameData2017-06-15T09-17-58.234Z.csv
***************************************************


***************************************************
Pearson correlation
          R         G         B
R 1.0000000 0.4186101 0.4075345
G 0.4186101 1.0000000 0.8258454
B 0.4075345 0.8258454 1.0000000
***************************************************


***************************************************
File: Stefano/frameData2017-06-15T09-17-58.234Z.csv does not seem to contain signal
***************************************************


***************************************************
Process file: Stefano/frameData2017-06-15T09-19-14.674Z.csv
***************************************************


***************************************************
Pearson correlation
          R         G         B
R 1.0000000 0.3659454 0.3637828
G 0.3659454 1.0000000 0.7454703
B 0.3637828 0.7454703 1.0000000
***************************************************


***************************************************
File: Stefano/frameData2017-06-15T09-19-14.674Z.csv does not seem to contain signal
***************************************************


***************************************************
Process file: Stefano/frameData2017-06-15T09-20-31.304Z.csv
***************************************************


***************************************************
Pearson correlation
          R         G         B
R 1.0000000 0.4032252 0.4049772
G 0.4032252 1.0000000 0.7913290
B 0.4049772 0.7913290 1.0000000
***************************************************


***************************************************
File: Stefano/frameData2017-06-15T09-20-31.304Z.csv does not seem to contain signal
***************************************************


***************************************************
Process file: Stefano/frameData2017-06-15T09-21-46.995Z.csv
***************************************************


***************************************************
Pearson correlation
          R         G         B
R 1.0000000 0.3660435 0.3760671
G 0.3660435 1.0000000 0.7499418
B 0.3760671 0.7499418 1.0000000
***************************************************


***************************************************
File: Stefano/frameData2017-06-15T09-21-46.995Z.csv does not seem to contain signal
***************************************************


***************************************************
Process file: Stefano/frameData2017-06-15T09-23-02.601Z.csv
***************************************************


***************************************************
Pearson correlation
          R         G         B
R 1.0000000 0.3794213 0.3634047
G 0.3794213 1.0000000 0.7844882
B 0.3634047 0.7844882 1.0000000
***************************************************


***************************************************
File: Stefano/frameData2017-06-15T09-23-02.601Z.csv does not seem to contain signal
***************************************************


***************************************************
Process file: Stefano/frameData2017-06-15T09-24-19.888Z.csv
***************************************************


***************************************************
Pearson correlation
          R         G         B
R 1.0000000 0.3389422 0.3069492
G 0.3389422 1.0000000 0.7754618
B 0.3069492 0.7754618 1.0000000
***************************************************


***************************************************
File: Stefano/frameData2017-06-15T09-24-19.888Z.csv does not seem to contain signal
***************************************************


***************************************************
Plot of hits versus signal in case of signal
***************************************************

Press ENTER to continue
[1] ""

***************************************************
Plot of hits versus signal in case of NO signal
***************************************************

Press ENTER to continue
[1] ""
